P1 0 14 37
P2 2 1 4
P3 3 1 5
P4 3 11 17
P5 6 15 32
P6 7 19 46
P7 8 7 26
P8 11 12 42
P9 12 7 30
P10 12 9 38
P11 12 16 40
P12 14 4 23
P13 14 16 37
P14 17 11 38
P15 17 14 51
P16 17 17 63
P17 20 17 61
P18 22 15 46
P19 24 1 26
P20 24 8 46
P21 24 13 39
P22 25 8 35
P23 26 16 63
P24 26 19 47
P25 26 19 51
P26 27 3 31
P27 27 8 37
P28 28 2 33
P29 28 6 37
P30 28 15 59
P31 28 17 65
P32 30 10 44
P33 30 18 59
P34 31 13 57
P35 31 17 66
P36 32 5 38
P37 35 5 49
P38 35 8 52
P39 35 10 61
P40 35 11 64
P41 35 13 60
P42 36 6 48
P43 36 17 67
P44 37 13 63
P45 37 13 63
P46 41 3 45
P47 47 14 77
P48 48 8 61
P49 48 15 72
P50 52 13 78
P51 53 4 61
P52 56 7 75
P53 56 13 84
P54 56 14 75
P55 57 2 59
P56 58 3 61
P57 58 17 99
P58 59 10 74
P59 59 11 72
P60 60 16 106
P61 61 6 78
P62 62 3 69
P63 62 8 77
P64 62 11 91
P65 63 9 80
P66 64 16 101
P67 65 10 94
P68 65 18 117
P69 66 8 77
P70 67 19 115
P71 68 18 91
P72 69 1 71
P73 69 10 85
P74 70 11 91
P75 71 7 83
P76 73 3 80
P77 73 8 87
P78 73 9 86
P79 74 7 89
P80 74 12 101
P81 76 15 96
P82 78 7 96
P83 79 13 114
P84 80 14 117
P85 81 13 110
P86 81 15 120
P87 82 17 104
P88 82 19 128
P89 83 16 109
P90 87 1 89
P91 88 4 95
P92 88 6 97
P93 89 8 104
P94 91 2 93
P95 91 15 132
P96 92 19 134
P97 93 4 103
P98 94 6 108
P99 94 11 111
P100 94 12 111
P101 95 11 117
P102 98 15 129
P103 100 17 146
P104 101 3 104
P105 103 1 104
P106 103 5 117
P107 103 18 138
P108 104 16 142
P109 106 6 117
P110 106 11 130
P111 108 12 136
P112 110 9 128
P113 110 14 145
P114 112 2 114
P115 112 11 139
P116 114 9 133
P117 115 8 134
P118 116 13 146
P119 118 2 121
P120 118 6 125
P121 121 13 139
P122 122 7 129
P123 123 1 124
P124 124 3 131
P125 125 8 144
P126 128 5 134
P127 128 12 158
P128 129 17 170
P129 130 8 145
P130 130 19 163
P131 131 14 156
P132 132 13 160
P133 134 16 157
P134 135 8 146
P135 136 19 156
P136 139 3 147
P137 140 4 145
P138 141 1 142
P139 141 7 150
P140 144 18 187
P141 146 1 147
P142 146 1 147
P143 150 12 182
P144 151 14 167
P145 152 10 174
P146 154 12 181
P147 155 12 177
P148 156 8 178
P149 157 17 202
P150 158 1 159
P151 158 19 185
P152 160 5 168
P153 162 3 166
P154 162 5 172
P155 162 13 193
P156 162 16 203
P157 167 14 181
P158 167 15 206
P159 170 4 181
P160 170 8 192
P161 170 18 218
P162 171 1 173
P163 171 16 207
P164 174 3 177
P165 174 7 192
P166 174 12 195
P167 178 10 205
P168 178 12 194
P169 179 3 182
P170 182 14 213
P171 183 19 229
P172 184 1 186
P173 186 18 221
P174 186 19 215
P175 187 15 203
P176 188 5 197
P177 190 1 191
P178 190 7 206
P179 192 5 198
P180 192 12 213
P181 192 16 235
P182 193 1 194
P183 193 3 199
P184 193 19 217
P185 194 19 241
P186 195 5 202
P187 195 8 211
P188 195 9 218
P189 195 18 238
P190 196 13 215
P191 198 15 235
P192 200 9 210
P193 200 10 221
P194 202 13 224
P195 204 7 223
P196 204 10 220
P197 205 16 236
P198 208 18 235
P199 212 4 221
P200 213 10 232
P201 214 10 238
P202 214 11 226
P203 214 12 244
P204 214 13 233
P205 216 6 226
P206 216 9 231
P207 219 15 248
P208 220 11 251
P209 221 13 254
P210 222 6 229
P211 224 16 250
P212 224 18 247
P213 225 9 236
P214 226 7 243
P215 231 14 263
P216 232 3 236
P217 232 4 238
P218 232 14 252
P219 235 15 261
P220 236 11 253
P221 238 8 251
P222 238 12 254
P223 238 14 260
P224 240 5 251
P225 242 3 249
P226 242 7 253
P227 244 12 265
P228 247 3 254
P229 248 3 251
P230 248 10 277
P231 249 2 251
P232 250 6 257
P233 252 4 260
P234 252 13 281
P235 252 17 277
P236 255 15 274
P237 256 13 286
P238 257 6 271
P239 257 15 277
P240 257 15 293
P241 258 8 274
P242 258 13 279
P243 261 2 264
P244 261 16 290
P245 262 4 268
P246 262 12 283
P247 262 18 284
P248 263 14 301
P249 264 15 279
P250 264 16 292
P251 268 5 280
P252 269 5 282
P253 269 10 295
P254 270 15 312
P255 270 19 314
P256 271 6 282
P257 272 4 282
P258 274 18 313
P259 276 9 302
P260 279 6 289
P261 279 14 297
P262 280 15 311
P263 281 17 315
P264 282 3 287
P265 282 16 302
P266 284 6 294
P267 284 6 294
P268 284 6 300
P269 285 6 300
P270 285 8 296
P271 286 3 289
P272 289 9 303
P273 289 9 314
P274 289 15 330
P275 289 17 307
P276 290 18 321
P277 291 14 308
P278 292 4 299
P279 292 18 337
P280 293 7 300
P281 293 14 319
P282 294 13 313
P283 294 18 321
P284 295 11 314
P285 296 15 326
P286 297 13 332
P287 297 15 326
P288 298 11 313
P289 299 7 310
P290 301 12 321
P291 303 14 338
P292 305 7 316
P293 305 8 324
P294 308 18 343
P295 309 8 332
P296 310 13 342
P297 311 6 320
P298 312 15 340
P299 313 5 322
P300 314 17 361
P301 315 6 323
P302 315 6 330
P303 315 6 330
P304 315 15 340
P305 316 19 354
P306 318 10 333
P307 318 15 351
P308 318 19 370
P309 319 13 355
P310 319 14 352
P311 320 1 322
P312 320 2 322
P313 320 16 366
P314 321 3 328
P315 321 9 332
P316 321 11 339
P317 321 12 340
P318 322 8 334
P319 323 1 324
P320 323 2 325
P321 324 3 329
P322 324 9 345
P323 325 18 362
P324 326 5 337
P325 327 6 337
P326 327 17 354
P327 329 1 330
P328 330 17 360
P329 330 18 381
P330 331 9 349
P331 332 17 355
P332 333 9 352
P333 335 6 341
P334 335 16 361
P335 336 8 352
P336 336 8 356
P337 336 11 367
P338 336 16 367
P339 338 12 365
P340 339 5 344
P341 342 14 359
P342 343 1 345
P343 343 13 359
P344 343 19 384
P345 344 6 355
P346 345 8 360
P347 345 10 365
P348 346 12 362
P349 348 10 365
P350 348 11 367
P351 352 1 354
P352 352 14 378
P353 352 19 397
P354 356 14 382
P355 357 5 362
P356 360 7 371
P357 362 2 365
P358 362 13 386
P359 363 11 374
P360 363 15 406
P361 366 15 392
P362 366 18 413
P363 367 7 384
P364 368 16 401
P365 371 2 376
P366 371 3 379
P367 382 3 387
P368 384 12 402
P369 384 18 407
P370 385 18 410
P371 386 4 392
P372 387 5 399
P373 387 11 398
P374 390 5 401
P375 392 17 426
P376 394 9 408
P377 394 9 419
P378 395 7 404
P379 397 12 424
P380 398 6 408
P381 398 10 422
P382 399 8 410
P383 399 12 425
P384 400 15 423
P385 400 15 429
P386 400 19 454
P387 401 10 420
P388 402 4 408
P389 402 12 431
P390 403 1 405
P391 403 11 418
P392 406 14 436
P393 407 6 414
P394 407 6 422
P395 408 4 417
P396 409 1 411
P397 410 19 440
P398 411 18 455
P399 413 17 463
P400 415 14 446
P401 416 2 421
P402 416 14 438
P403 418 18 470
P404 419 9 435
P405 421 10 448
P406 422 10 435
P407 423 18 458
P408 424 5 430
P409 425 17 444
P410 427 1 428
P411 427 3 430
P412 427 10 452
P413 427 13 446
P414 428 3 436
P415 429 11 441
P416 429 16 470
P417 430 8 443
P418 430 10 449
P419 430 11 460
P420 430 12 449
P421 431 5 441
P422 431 7 449
P423 433 2 438
P424 435 4 441
P425 436 10 458
P426 436 16 480
P427 436 16 483
P428 437 8 459
P429 442 1 444
P430 442 4 448
P431 444 13 467
P432 446 2 449
P433 447 10 475
P434 447 13 473
P435 448 14 489
P436 449 17 495
P437 450 5 464
P438 453 12 467
P439 454 3 462
P440 454 5 461
P441 458 1 460
P442 459 4 466
P443 460 4 467
P444 461 7 478
P445 462 10 491
P446 463 6 479
P447 463 15 484
P448 464 1 466
P449 464 13 501
P450 464 17 502
P451 465 7 475
P452 465 18 496
P453 469 6 481
P454 470 3 475
P455 470 4 476
P456 471 6 488
P457 471 10 491
P458 475 18 504
P459 476 8 487
P460 477 14 513
P461 478 12 508
P462 478 16 525
P463 479 11 510
P464 482 8 501
P465 482 17 504
P466 482 18 515
P467 483 19 517
P468 484 19 507
P469 485 1 487
P470 485 17 511
P471 486 17 508
P472 488 6 504
P473 488 13 522
P474 489 18 526
P475 491 10 509
P476 491 16 527
P477 496 15 535
P478 497 10 513
P479 497 11 523
P480 499 11 511
P481 500 4 504
P482 500 7 510
P483 502 6 519
P484 503 19 553
P485 504 4 510
P486 504 19 539
P487 505 17 523
P488 505 17 533
P489 507 1 509
P490 508 16 539
P491 510 9 525
P492 510 14 532
P493 510 15 552
P494 511 14 539
P495 513 11 532
P496 515 14 534
P497 515 19 566
P498 516 18 558
P499 518 2 522
P500 519 2 523
P501 519 8 540
P502 520 9 540
P503 521 1 522
P504 521 4 528
P505 521 12 540
P506 522 17 552
P507 524 19 559
P508 525 9 541
P509 526 2 531
P510 526 15 555
P511 528 8 540
P512 535 4 542
P513 535 4 546
P514 535 13 550
P515 539 10 559
P516 540 2 544
P517 541 11 565
P518 542 12 569
P519 542 18 563
P520 542 19 596
P521 543 12 561
P522 544 19 572
P523 545 10 570
P524 549 4 557
P525 549 19 600
P526 550 14 582
P527 551 5 558
P528 551 8 571
P529 554 17 598
P530 555 2 557
P531 555 2 560
P532 555 10 584
P533 556 17 587
P534 557 9 569
P535 558 18 608
P536 559 7 579
P537 560 6 569
P538 562 10 587
P539 563 1 565
P540 565 19 595
P541 566 19 589
P542 570 1 571
P543 570 10 593
P544 570 11 585
P545 571 9 594
P546 572 15 606
P547 573 8 585
P548 575 11 588
P549 576 4 583
P550 576 10 587
P551 577 1 579
P552 577 3 581
P553 577 7 595
P554 577 17 599
P555 578 17 602
P556 579 1 581
P557 579 10 605
P558 581 7 591
P559 581 12 607
P560 581 13 611
P561 582 9 597
P562 582 11 598
P563 582 11 610
P564 583 11 597
P565 584 6 601
P566 586 9 604
P567 588 14 628
P568 589 4 593
P569 589 12 619
P570 589 15 605
P571 592 1 593
P572 592 5 605
P573 593 7 610
P574 594 15 635
P575 594 19 616
P576 598 13 618
P577 599 12 630
P578 599 13 627
P579 602 8 625
P580 602 15 644
P581 604 13 637
P582 605 1 606
P583 605 17 625
P584 605 19 650
P585 607 3 613
P586 607 14 629
P587 608 5 616
P588 609 9 618
P589 609 16 656
P590 610 1 611
P591 611 13 649
P592 612 5 624
P593 612 9 626
P594 614 12 628
P595 615 2 618
P596 616 6 624
P597 618 4 628
P598 619 2 624
P599 620 13 637
P600 621 1 622
P601 623 13 640
P602 624 8 637
P603 624 15 648
P604 626 14 661
P605 626 16 659
P606 626 17 670
P607 628 1 630
P608 629 1 630
P609 629 7 643
P610 630 1 632
P611 630 10 656
P612 632 16 654
P613 635 11 665
P614 635 14 659
P615 636 10 661
P616 637 3 640
P617 639 2 643
P618 639 15 671
P619 640 5 647
P620 644 3 649
P621 644 14 668
P622 645 17 686
P623 648 9 665
P624 648 10 667
P625 648 16 684
P626 649 3 654
P627 650 3 655
P628 651 1 652
P629 655 4 660
P630 656 11 686
P631 658 6 667
P632 658 8 677
P633 659 1 661
P634 659 13 676
P635 659 18 690
P636 660 1 661
P637 660 19 698
P638 662 2 664
P639 662 11 674
P640 663 10 685
P641 664 17 714
P642 665 1 667
P643 669 4 676
P644 671 3 679
P645 671 9 690
P646 673 15 705
P647 674 12 698
P648 676 4 682
P649 676 7 691
P650 677 10 698
P651 680 18 731
P652 681 7 701
P653 682 10 711
P654 682 19 724
P655 684 9 698
P656 685 7 698
P657 685 8 698
P658 686 5 691
P659 686 7 700
P660 688 2 693
P661 688 4 699
P662 688 18 712
P663 689 7 701
P664 689 16 727
P665 691 6 707
P666 692 7 707
P667 692 7 712
P668 692 11 713
P669 692 17 713
P670 692 19 714
P671 693 16 713
P672 694 9 705
P673 701 17 740
P674 703 1 705
P675 704 16 720
P676 706 15 732
P677 707 4 713
P678 707 4 718
P679 708 15 726
P680 708 19 742
P681 711 18 764
P682 712 18 758
P683 713 3 719
P684 716 6 729
P685 718 16 744
P686 720 2 722
P687 720 10 734
P688 722 5 734
P689 722 11 751
P690 722 17 744
P691 723 12 737
P692 724 6 731
P693 724 12 749
P694 724 13 760
P695 725 18 776
P696 726 16 749
P697 727 18 759
P698 728 1 730
P699 729 3 734
P700 729 4 733
P701 729 6 746
P702 729 8 752
P703 730 8 750
P704 730 13 745
P705 730 14 761
P706 731 2 735
P707 731 2 735
P708 731 16 757
P709 732 14 764
P710 733 1 735
P711 735 1 737
P712 735 2 739
P713 735 10 754
P714 738 4 747
P715 738 11 758
P716 740 11 751
P717 742 12 774
P718 742 17 775
P719 742 19 775
P720 743 14 777
P721 743 19 781
P722 744 12 771
P723 744 18 762
P724 744 18 794
P725 747 2 749
P726 747 6 763
P727 747 7 764
P728 747 11 779
P729 748 1 749
P730 748 18 787
P731 749 1 751
P732 750 8 758
P733 750 14 765
P734 752 4 761
P735 753 18 780
P736 754 3 760
P737 754 6 764
P738 756 14 793
P739 757 12 792
P740 758 11 788
P741 760 19 806
P742 761 4 768
P743 761 5 770
P744 762 4 767
P745 763 4 773
P746 763 6 771
P747 763 15 793
P748 763 18 814
P749 764 15 807
P750 768 2 770
P751 768 14 783
P752 770 12 802
P753 772 14 790
P754 773 5 778
P755 773 8 793
P756 774 6 786
P757 774 9 787
P758 774 11 806
P759 774 18 806
P760 775 17 801
P761 777 2 780
P762 779 4 785
P763 779 4 787
P764 779 7 786
P765 779 15 803
P766 780 12 794
P767 781 11 812
P768 784 17 814
P769 787 11 806
P770 788 14 813
P771 789 11 811
P772 789 14 828
P773 791 15 830
P774 792 8 802
P775 793 12 814
P776 795 7 810
P777 795 7 812
P778 795 18 830
P779 796 2 799
P780 796 13 810
P781 796 14 837
P782 797 16 837
P783 798 9 811
P784 798 11 827
P785 799 7 816
P786 799 10 824
P787 800 11 831
P788 801 17 850
P789 803 13 840
P790 805 10 817
P791 805 19 831
P792 807 4 812
P793 809 11 836
P794 811 8 830
P795 812 9 830
P796 814 12 845
P797 816 3 820
P798 817 8 832
P799 820 8 831
P800 820 18 843
P801 821 8 842
P802 822 1 823
P803 822 5 831
P804 822 6 833
P805 823 18 859
P806 824 1 826
P807 824 8 847
P808 824 10 844
P809 827 8 842
P810 828 10 844
P811 829 3 835
P812 830 13 843
P813 831 19 859
P814 834 3 841
P815 836 10 850
P816 838 12 868
P817 840 9 855
P818 841 7 854
P819 841 14 873
P820 842 14 863
P821 843 16 885
P822 844 1 846
P823 844 18 883
P824 844 19 869
P825 845 7 865
P826 846 11 873
P827 847 5 860
P828 848 1 849
P829 848 5 855
P830 849 2 854
P831 850 5 855
P832 850 14 875
P833 851 7 862
P834 852 18 897
P835 853 1 854
P836 853 3 856
P837 853 9 863
P838 853 10 870
P839 853 12 876
P840 854 9 872
P841 855 18 904
P842 856 9 881
P843 858 16 875
P844 860 7 872
P845 861 5 870
P846 861 14 875
P847 862 1 863
P848 863 15 906
P849 864 10 884
P850 864 16 910
P851 867 3 874
P852 867 17 912
P853 869 17 892
P854 871 6 883
P855 871 11 883
P856 871 14 907
P857 874 17 914
P858 875 2 880
P859 875 14 907
P860 876 8 892
P861 877 4 887
P862 878 15 919
P863 880 2 884
P864 880 14 898
P865 881 6 894
P866 882 12 899
P867 884 18 929
P868 885 8 904
P869 886 1 887
P870 886 19 933
P871 887 14 919
P872 888 12 901
P873 888 15 914
P874 889 15 916
P875 892 5 903
P876 892 11 924
P877 895 4 904
P878 895 9 910
P879 895 14 911
P880 896 11 927
P881 896 14 929
P882 897 11 909
P883 898 4 903
P884 899 2 901
P885 899 3 902
P886 899 11 921
P887 900 2 904
P888 900 18 919
P889 900 18 925
P890 901 14 929
P891 902 4 907
P892 902 13 936
P893 904 14 933
P894 904 14 934
P895 905 9 920
P896 905 17 942
P897 906 12 934
P898 907 18 950
P899 908 12 932
P900 908 18 953
P901 908 19 929
P902 910 12 927
P903 911 16 949
P904 914 4 923
P905 915 9 924
P906 915 12 928
P907 916 3 924
P908 916 17 954
P909 919 8 929
P910 919 11 938
P911 923 4 933
P912 923 6 938
P913 924 1 926
P914 924 19 971
P915 925 4 933
P916 925 9 945
P917 925 13 940
P918 925 19 946
P919 927 15 943
P920 930 15 969
P921 931 5 942
P922 931 6 945
P923 933 2 936
P924 933 7 948
P925 933 16 978
P926 934 2 938
P927 935 12 960
P928 936 4 941
P929 937 19 968
P930 940 2 944
P931 940 14 969
P932 940 16 970
P933 941 2 943
P934 941 11 953
P935 941 19 964
P936 942 14 978
P937 942 16 985
P938 943 16 981
P939 945 4 952
P940 945 6 957
P941 947 13 971
P942 948 10 967
P943 949 2 954
P944 949 14 974
P945 950 8 962
P946 952 17 994
P947 954 12 986
P948 954 15 972
P949 955 10 979
P950 956 9 973
P951 956 19 976
P952 957 11 980
P953 959 8 975
P954 960 9 974
P955 960 12 974
P956 960 14 985
P957 961 1 962
P958 963 2 966
P959 963 8 982
P960 963 14 980
P961 964 5 978
P962 964 7 976
P963 965 2 969
P964 965 10 990
P965 966 15 998
P966 967 2 972
P967 968 15 1007
P968 971 13 992
P969 973 3 981
P970 974 4 982
P971 974 16 1001
P972 975 3 982
P973 976 12 998
P974 977 16 1014
P975 980 5 986
P976 982 2 984
P977 982 10 1004
P978 982 14 1006
P979 983 16 1000
P980 984 1 985
P981 984 5 991
P982 985 9 1011
P983 986 16 1026
P984 987 4 998
P985 987 9 1008
P986 989 5 997
P987 989 17 1025
P988 990 17 1030
P989 991 17 1018
P990 992 3 997
P991 992 9 1015
P992 992 11 1013
P993 992 16 1033
P994 993 7 1010
P995 995 13 1013
P996 995 17 1027
P997 996 15 1030
P998 997 13 1034
P999 998 4 1003
P1000 998 13 1017
