P1 0 6 9
P2 1 3 8
P3 1 19 36
P4 3 1 5
P5 3 15 46
P6 7 5 20
P7 8 6 21
P8 9 3 17
P9 9 10 20
P10 10 5 23
P11 10 13 29
P12 11 7 22
P13 12 14 53
P14 14 12 34
P15 14 18 55
P16 15 2 20
P17 15 7 22
P18 16 18 57
P19 17 1 18
P20 17 7 31
P21 17 9 28
P22 18 5 31
P23 18 7 28
P24 18 8 32
P25 19 3 27
P26 19 16 57
P27 20 11 41
P28 22 2 26
P29 22 5 32
P30 22 19 65
P31 23 9 40
P32 24 15 42
P33 24 16 60
P34 24 17 55
P35 25 11 54
P36 27 13 57
P37 28 11 50
P38 28 11 55
P39 30 18 75
P40 30 18 83
P41 34 2 39
P42 35 17 58
P43 35 18 57
P44 37 13 63
P45 38 2 40
P46 38 7 56
P47 40 13 58
P48 43 17 63
P49 44 2 49
P50 46 12 63
P51 46 15 77
P52 47 2 51
P53 47 2 52
P54 47 3 53
P55 48 1 49
P56 49 16 89
P57 50 4 60
P58 51 18 98
P59 52 7 68
P60 52 19 82
P61 53 1 55
P62 54 14 78
P63 55 4 59
P64 57 3 61
P65 58 2 62
P66 58 14 95
P67 59 1 61
P68 59 7 78
P69 60 16 83
P70 61 2 63
P71 61 3 66
P72 62 3 68
P73 65 13 102
P74 66 4 72
P75 71 15 102
P76 72 5 81
P77 72 9 89
P78 76 17 95
P79 77 4 85
P80 77 7 86
P81 78 8 101
P82 80 9 105
P83 81 19 129
P84 82 9 94
P85 82 15 112
P86 82 17 120
P87 83 3 91
P88 84 2 89
P89 85 10 110
P90 88 7 97
P91 88 15 106
P92 89 6 98
P93 90 5 98
P94 91 8 113
P95 93 3 99
P96 96 5 107
P97 96 15 120
P98 98 6 114
P99 98 16 123
P100 99 2 101
