P1 1 7 15
P2 2 17 38
P3 3 12 20
P4 3 13 25
P5 5 6 12
P6 5 9 22
P7 9 12 26
P8 10 9 30
P9 13 2 17
P10 14 4 22
P11 14 10 40
P12 15 4 26
P13 17 13 35
P14 19 15 50
P15 20 16 37
P16 21 6 34
P17 22 19 42
P18 24 2 28
P19 24 6 34
P20 25 10 47
P21 27 2 31
P22 28 5 42
P23 28 12 57
P24 29 8 51
P25 30 3 35
P26 33 6 42
P27 34 15 58
P28 36 12 50
P29 36 18 80
P30 38 1 40
P31 38 12 64
P32 38 19 63
P33 39 2 44
P34 39 19 63
P35 40 11 72
P36 42 4 52
P37 43 5 50
P38 45 3 53
P39 45 4 53
P40 46 15 86
P41 47 6 63
P42 48 13 64
P43 52 2 57
P44 54 17 77
P45 56 4 67
P46 57 8 74
P47 57 11 86
P48 58 17 92
P49 59 12 77
P50 59 13 73
P51 60 9 71
P52 61 12 80
P53 63 14 78
P54 65 6 76
P55 66 6 80
P56 66 12 80
P57 66 18 115
P58 67 1 69
P59 67 3 75
P60 68 6 85
P61 68 17 98
P62 69 12 99
P63 69 16 95
P64 69 16 111
P65 70 1 72
P66 70 12 92
P67 70 13 101
P68 70 15 93
P69 71 3 75
P70 71 9 80
P71 71 15 94
P72 72 11 86
P73 73 17 123
P74 73 18 122
P75 74 12 105
P76 74 14 102
P77 74 15 111
P78 74 19 125
P79 75 1 77
P80 76 3 82
P81 76 10 103
P82 82 3 89
P83 83 10 109
P84 85 8 93
P85 86 11 102
P86 88 15 105
P87 90 11 103
P88 90 17 121
P89 91 14 119
P90 91 17 109
P91 92 7 101
P92 92 9 108
P93 93 11 111
P94 97 10 115
P95 98 10 123
P96 100 12 119
P97 103 11 128
P98 103 15 127
P99 104 7 120
P100 104 8 124
P101 107 15 146
P102 109 13 146
P103 111 8 129
P104 113 5 121
P105 115 2 117
P106 116 11 135
P107 116 12 138
P108 116 19 136
P109 117 7 133
P110 118 5 131
P111 118 9 132
P112 119 2 121
P113 119 3 127
P114 121 8 144
P115 122 4 132
P116 123 1 124
P117 123 18 170
P118 124 2 129
P119 126 1 127
P120 127 10 143
P121 128 16 161
P122 129 7 146
P123 129 15 163
P124 129 19 172
P125 130 10 144
P126 131 2 133
P127 131 8 151
P128 131 16 149
P129 132 7 148
P130 132 10 161
P131 133 10 157
P132 134 6 148
P133 138 5 151
P134 138 15 176
P135 140 1 141
P136 140 16 173
P137 142 3 147
P138 142 11 157
P139 144 4 155
P140 144 7 156
P141 147 10 165
P142 147 10 175
P143 147 16 169
P144 149 6 155
P145 149 18 173
P146 153 16 187
P147 153 16 195
P148 154 3 160
P149 158 7 178
P150 160 14 195
P151 160 18 201
P152 162 10 184
P153 163 3 169
P154 163 3 171
P155 163 5 169
P156 163 5 175
P157 163 8 182
P158 163 11 190
P159 164 19 196
P160 165 12 177
P161 165 19 192
P162 166 3 174
P163 166 7 173
P164 166 17 198
P165 167 18 210
P166 168 5 174
P167 168 9 178
P168 168 17 214
P169 168 18 206
P170 169 12 182
P171 170 5 184
P172 171 2 174
P173 172 5 182
P174 172 17 210
P175 173 4 177
P176 173 5 182
P177 175 3 183
P178 176 9 192
P179 176 15 206
P180 177 2 181
P181 182 19 219
P182 184 1 185
P183 188 2 192
P184 188 11 214
P185 188 14 202
P186 189 14 224
P187 192 15 209
P188 193 9 211
P189 194 5 204
P190 195 17 227
P191 197 3 201
P192 198 8 218
P193 200 9 223
P194 200 14 240
P195 201 14 225
P196 201 15 235
P197 202 16 227
P198 204 13 219
P199 204 19 240
P200 205 16 224
P201 207 1 209
P202 211 10 224
P203 215 12 250
P204 215 14 250
P205 217 11 234
P206 218 11 230
P207 218 18 238
P208 219 3 222
P209 220 16 255
P210 222 8 238
P211 222 10 234
P212 222 16 248
P213 223 18 265
P214 226 6 238
P215 226 11 245
P216 227 15 244
P217 227 15 251
P218 229 2 234
P219 230 8 252
P220 233 6 241
P221 233 12 246
P222 236 1 237
P223 238 1 239
P224 238 19 266
P225 239 17 276
P226 240 3 244
P227 242 2 244
P228 242 19 287
P229 245 8 262
P230 245 17 290
P231 246 8 264
P232 247 14 280
P233 248 18 291
P234 249 5 257
P235 250 10 275
P236 252 14 292
P237 253 1 255
P238 256 4 260
P239 257 6 269
P240 257 9 273
P241 257 9 275
P242 257 16 301
P243 258 1 260
P244 258 1 260
P245 258 13 283
P246 259 8 272
P247 260 18 303
P248 261 8 272
P249 263 2 267
P250 263 10 278
P251 263 15 285
P252 264 7 283
P253 266 2 271
P254 266 10 283
P255 268 15 285
P256 269 3 272
P257 270 9 284
P258 270 9 294
P259 272 13 295
P260 274 3 279
P261 274 18 313
P262 275 17 307
P263 276 11 302
P264 276 13 296
P265 277 13 309
P266 277 14 296
P267 279 12 299
P268 280 4 289
P269 280 7 293
P270 280 14 317
P271 280 15 307
P272 285 19 311
P273 286 9 306
P274 287 13 302
P275 287 18 329
P276 289 6 303
P277 290 6 307
P278 292 13 324
P279 294 10 319
P280 297 3 304
P281 297 14 316
P282 297 15 341
P283 298 18 335
P284 298 19 345
P285 298 19 351
P286 299 7 317
P287 300 9 326
P288 301 7 309
P289 302 11 323
P290 302 14 333
P291 303 14 319
P292 305 10 323
P293 306 8 316
P294 306 10 333
P295 309 11 330
P296 309 15 352
P297 310 13 343
P298 311 6 317
P299 311 12 326
P300 312 13 326
P301 315 5 328
P302 317 5 329
P303 318 4 323
P304 320 2 322
P305 320 4 324
P306 320 11 352
P307 320 12 340
P308 320 15 354
P309 321 4 328
P310 322 11 344
P311 323 7 338
P312 324 13 342
P313 325 3 333
P314 326 10 346
P315 327 16 362
P316 327 17 365
P317 329 13 343
P318 330 4 341
P319 332 13 358
P320 333 3 340
P321 333 8 344
P322 335 7 346
P323 337 1 339
P324 338 1 339
P325 338 15 369
P326 340 14 359
P327 340 17 388
P328 341 5 353
P329 342 9 365
P330 345 9 361
P331 345 18 388
P332 347 10 376
P333 347 14 374
P334 348 6 365
P335 349 2 351
P336 349 8 370
P337 350 9 362
P338 350 19 379
P339 353 13 373
P340 354 16 375
P341 356 5 365
P342 356 18 379
P343 357 3 360
P344 357 3 362
P345 357 9 379
P346 358 1 360
P347 359 19 388
P348 360 16 386
P349 361 4 367
P350 365 19 421
P351 366 9 375
P352 368 8 388
P353 368 14 389
P354 369 2 372
P355 369 13 404
P356 369 19 400
P357 371 9 391
P358 372 3 379
P359 373 6 380
P360 374 14 401
P361 376 1 377
P362 377 17 411
P363 379 19 422
P364 381 1 383
P365 381 3 389
P366 381 8 395
P367 381 11 407
P368 382 3 388
P369 382 3 390
P370 382 4 388
P371 383 19 426
P372 386 15 410
P373 386 16 420
P374 387 6 402
P375 390 3 398
P376 393 2 398
P377 396 5 410
P378 397 1 398
P379 397 6 414
P380 398 11 412
P381 399 4 407
P382 400 6 412
P383 401 17 446
P384 401 19 448
P385 402 14 424
P386 403 5 417
P387 403 7 421
P388 404 6 410
P389 405 6 411
P390 406 6 412
P391 406 10 426
P392 407 18 455
P393 408 1 409
P394 408 3 413
P395 408 3 414
P396 410 2 414
P397 411 9 427
P398 411 11 442
P399 413 3 418
P400 413 4 423
P401 413 11 425
P402 413 17 463
P403 414 14 429
P404 416 15 438
P405 421 16 441
P406 422 6 439
P407 423 1 424
P408 423 8 432
P409 423 12 437
P410 424 1 425
P411 426 4 436
P412 426 11 440
P413 426 11 445
P414 429 10 447
P415 429 17 473
P416 431 5 437
P417 431 8 443
P418 431 11 444
P419 432 1 433
P420 432 8 448
P421 433 2 437
P422 439 4 448
P423 439 6 453
P424 439 7 453
P425 439 9 464
P426 440 5 453
P427 440 9 455
P428 440 18 466
P429 441 3 444
P430 441 11 457
P431 441 16 462
P432 442 11 456
P433 442 15 472
P434 444 12 476
P435 444 13 463
P436 446 14 464
P437 446 17 469
P438 447 7 459
P439 448 2 451
P440 448 10 468
P441 450 18 469
P442 451 6 463
P443 452 4 462
P444 452 11 482
P445 453 2 456
P446 453 19 475
P447 454 16 500
P448 455 7 470
P449 457 11 472
P450 465 14 482
P451 466 1 468
P452 466 14 481
P453 468 10 484
P454 468 16 499
P455 469 1 471
P456 469 6 478
P457 470 9 484
P458 471 13 490
P459 472 11 500
P460 473 2 478
P461 474 17 516
P462 477 2 481
P463 477 17 521
P464 478 4 484
P465 479 7 495
P466 479 11 501
P467 479 13 495
P468 480 3 486
P469 480 4 485
P470 480 18 517
P471 482 5 495
P472 482 17 505
P473 483 12 501
P474 483 13 497
P475 484 12 506
P476 484 16 502
P477 484 17 534
P478 487 3 495
P479 491 3 496
P480 491 18 537
P481 492 3 499
P482 492 12 512
P483 493 11 513
P484 494 12 520
P485 497 3 505
P486 497 5 504
P487 497 11 529
P488 498 9 517
P489 500 9 524
P490 501 3 508
P491 501 13 536
P492 503 9 519
P493 503 18 543
P494 503 19 525
P495 503 19 529
P496 504 17 549
P497 505 2 508
P498 505 16 552
P499 506 13 519
P500 507 1 508
P501 507 10 523
P502 508 5 521
P503 508 14 539
P504 510 3 516
P505 510 12 540
P506 511 16 533
P507 512 17 560
P508 512 18 551
P509 513 15 532
P510 514 3 520
P511 514 5 521
P512 515 5 521
P513 517 17 549
P514 518 14 535
P515 522 3 525
P516 524 15 551
P517 525 14 552
P518 526 8 539
P519 527 12 544
P520 529 4 536
P521 530 3 533
P522 531 10 552
P523 534 5 539
P524 534 10 547
P525 535 16 568
P526 538 4 549
P527 539 2 542
P528 544 1 546
P529 544 15 569
P530 545 9 563
P531 546 3 552
P532 546 9 564
P533 549 9 574
P534 552 1 553
P535 552 8 565
P536 552 10 580
P537 552 17 578
P538 553 16 580
P539 557 7 566
P540 558 12 593
P541 559 4 566
P542 559 9 577
P543 562 11 589
P544 562 18 604
P545 562 18 613
P546 564 16 600
P547 568 11 584
P548 568 11 597
P549 569 18 602
P550 570 5 576
P551 570 15 593
P552 571 3 575
P553 572 15 600
P554 575 5 582
P555 576 9 589
P556 576 15 599
P557 576 18 595
P558 578 1 579
P559 578 4 584
P560 578 4 585
P561 578 11 608
P562 579 14 598
P563 580 1 582
P564 580 4 586
P565 582 2 584
P566 582 11 596
P567 583 10 612
P568 585 4 592
P569 585 6 600
P570 586 6 602
P571 586 9 596
P572 588 9 600
P573 589 9 610
P574 589 14 610
P575 592 5 606
P576 592 11 621
P577 592 13 623
P578 592 17 641
P579 595 16 631
P580 597 11 609
P581 597 19 618
P582 601 13 627
P583 601 18 623
P584 601 18 652
P585 602 7 613
P586 603 14 619
P587 606 17 646
P588 608 10 621
P589 609 11 627
P590 609 17 652
P591 609 17 656
P592 610 10 626
P593 610 13 632
P594 611 17 637
P595 611 17 646
P596 612 8 629
P597 615 11 633
P598 617 14 652
P599 618 8 628
P600 618 19 640
P601 619 2 622
P602 620 10 634
P603 621 2 624
P604 622 2 627
P605 622 7 634
P606 622 14 659
P607 623 12 653
P608 624 6 641
P609 625 15 644
P610 626 6 639
P611 627 9 645
P612 628 19 648
P613 629 4 639
P614 634 8 650
P615 635 6 647
P616 637 1 638
P617 637 2 639
P618 641 11 663
P619 643 13 670
P620 643 14 666
P621 643 17 672
P622 645 10 660
P623 646 10 672
P624 646 14 668
P625 647 5 655
P626 648 8 670
P627 649 8 661
P628 650 9 672
P629 650 17 684
P630 652 14 693
P631 653 3 660
P632 654 8 674
P633 654 13 688
P634 655 18 676
P635 656 19 704
P636 657 2 661
P637 658 10 677
P638 659 2 662
P639 659 16 691
P640 659 17 705
P641 661 4 670
P642 661 13 695
P643 661 17 709
P644 663 14 698
P645 664 18 683
P646 665 3 672
P647 665 5 674
P648 665 5 679
P649 668 11 693
P650 668 13 704
P651 670 5 677
P652 672 12 689
P653 672 17 694
P654 675 3 678
P655 675 5 688
P656 679 7 688
P657 679 13 701
P658 681 7 690
P659 681 9 695
P660 681 14 712
P661 682 3 686
P662 682 19 720
P663 683 7 702
P664 684 6 700
P665 684 10 713
P666 685 16 728
P667 687 8 699
P668 687 10 713
P669 688 8 707
P670 689 6 698
P671 689 7 698
P672 690 4 700
P673 691 10 704
P674 692 19 725
P675 695 8 712
P676 695 19 718
P677 696 4 706
P678 696 4 707
P679 696 18 740
P680 697 2 701
P681 697 15 724
P682 698 19 717
P683 700 9 715
P684 702 14 742
P685 702 15 744
P686 703 18 738
P687 705 1 706
P688 705 12 736
P689 706 6 721
P690 706 17 729
P691 707 19 731
P692 708 10 730
P693 709 15 745
P694 710 2 715
P695 710 17 737
P696 710 19 742
P697 712 1 713
P698 714 17 740
P699 715 2 718
P700 715 9 726
P701 717 5 722
P702 718 15 757
P703 720 3 723
P704 721 10 744
P705 722 3 726
P706 722 4 731
P707 722 13 746
P708 723 11 743
P709 723 12 753
P710 724 15 759
P711 725 9 735
P712 726 6 733
P713 726 15 766
P714 726 19 751
P715 727 14 759
P716 728 2 733
P717 728 6 741
P718 729 19 766
P719 730 2 732
P720 730 12 743
P721 731 13 768
P722 732 10 751
P723 735 5 744
P724 739 7 753
P725 744 2 749
P726 744 14 776
P727 744 17 776
P728 745 2 748
P729 747 17 777
P730 748 16 768
P731 749 5 755
P732 750 5 755
P733 750 18 789
P734 751 2 754
P735 752 14 788
P736 753 17 776
P737 754 6 771
P738 755 1 757
P739 755 4 765
P740 758 6 765
P741 760 7 774
P742 762 10 777
P743 762 18 796
P744 764 6 773
P745 764 19 810
P746 765 17 786
P747 766 13 793
P748 766 15 790
P749 767 6 776
P750 767 16 799
P751 768 3 776
P752 768 11 791
P753 768 13 786
P754 770 6 778
P755 770 9 791
P756 771 13 808
P757 772 2 775
P758 772 10 786
P759 772 13 809
P760 774 2 778
P761 779 3 783
P762 780 10 796
P763 781 3 785
P764 781 7 789
P765 783 17 815
P766 784 3 789
P767 785 4 790
P768 787 6 795
P769 787 19 842
P770 788 9 804
P771 788 16 833
P772 790 15 828
P773 792 9 806
P774 792 10 812
P775 792 17 836
P776 793 7 811
P777 793 19 822
P778 794 16 814
P779 795 11 825
P780 796 17 828
P781 797 9 814
P782 797 19 849
P783 798 3 805
P784 800 18 847
P785 801 13 839
P786 802 6 819
P787 802 10 817
P788 803 17 840
P789 804 12 830
P790 805 7 824
P791 808 9 825
P792 809 19 858
P793 810 10 824
P794 810 10 837
P795 811 3 817
P796 811 5 819
P797 811 12 829
P798 813 4 818
P799 813 13 828
P800 813 17 863
P801 814 1 816
P802 814 6 830
P803 815 3 821
P804 816 8 838
P805 816 11 846
P806 818 13 855
P807 819 19 863
P808 820 7 831
P809 820 9 835
P810 821 3 824
P811 822 1 823
P812 824 16 841
P813 825 4 835
P814 825 11 850
P815 826 12 838
P816 829 8 837
P817 829 14 851
P818 832 2 837
P819 832 12 862
P820 834 2 838
P821 838 17 885
P822 839 5 851
P823 840 1 842
P824 840 10 852
P825 841 5 847
P826 843 4 847
P827 846 2 850
P828 849 18 898
P829 850 1 851
P830 851 6 868
P831 851 7 871
P832 851 9 873
P833 851 12 869
P834 853 15 872
P835 854 11 883
P836 854 13 869
P837 854 19 904
P838 855 3 863
P839 855 4 866
P840 855 15 884
P841 856 18 894
P842 857 3 862
P843 858 7 868
P844 859 3 865
P845 859 8 880
P846 860 7 877
P847 861 11 876
P848 861 17 896
P849 862 18 909
P850 863 5 871
P851 863 5 874
P852 865 11 890
P853 866 8 887
P854 868 4 875
P855 868 4 877
P856 870 13 902
P857 871 9 886
P858 872 7 883
P859 874 13 904
P860 878 17 909
P861 879 4 885
P862 879 15 915
P863 880 7 891
P864 880 14 903
P865 881 12 898
P866 881 18 914
P867 883 1 885
P868 883 2 888
P869 884 2 889
P870 884 5 889
P871 888 8 909
P872 889 19 927
P873 893 15 910
P874 894 14 917
P875 894 16 934
P876 895 12 908
P877 898 3 901
P878 898 13 921
P879 899 5 910
P880 899 9 924
P881 904 10 922
P882 905 19 948
P883 906 5 912
P884 907 1 908
P885 907 8 924
P886 907 10 928
P887 907 14 947
P888 907 15 937
P889 907 16 933
P890 908 6 917
P891 910 4 917
P892 910 13 946
P893 911 15 928
P894 916 4 923
P895 916 14 935
P896 917 3 924
P897 918 4 924
P898 921 16 953
P899 921 18 951
P900 921 18 956
P901 922 14 944
P902 923 10 946
P903 923 15 940
P904 924 12 955
P905 924 17 944
P906 924 18 969
P907 924 19 947
P908 924 19 954
P909 926 5 936
P910 928 1 930
P911 929 3 934
P912 930 19 962
P913 931 16 976
P914 934 8 944
P915 934 8 948
P916 934 16 967
P917 935 3 940
P918 935 6 948
P919 935 18 965
P920 936 2 941
P921 936 6 951
P922 936 6 952
P923 937 17 969
P924 937 19 988
P925 938 8 960
P926 938 10 958
P927 939 13 956
P928 941 1 942
P929 943 5 956
P930 945 2 948
P931 945 16 973
P932 946 2 950
P933 946 3 952
P934 946 3 953
P935 947 2 952
P936 947 4 957
P937 949 6 957
P938 949 6 958
P939 949 7 956
P940 949 11 973
P941 951 4 957
P942 951 5 965
P943 952 14 989
P944 956 15 997
P945 958 7 976
P946 959 14 995
P947 959 16 996
P948 960 12 982
P949 962 6 978
P950 963 10 987
P951 963 16 1004
P952 966 14 996
P953 968 4 974
P954 969 9 983
P955 970 11 987
P956 970 12 999
P957 970 17 1014
P958 970 19 992
P959 971 10 997
P960 972 7 981
P961 974 11 992
P962 974 12 998
P963 974 13 1002
P964 975 4 983
P965 975 13 1012
P966 978 15 999
P967 979 19 1009
P968 980 16 1002
P969 981 5 991
P970 981 8 994
P971 982 4 987
P972 984 10 997
P973 984 15 1005
P974 985 11 1012
P975 986 8 1005
P976 986 17 1036
P977 987 2 992
P978 987 4 991
P979 987 16 1022
P980 988 10 1008
P981 988 19 1020
P982 989 3 997
P983 989 10 1018
P984 990 16 1020
P985 991 8 1006
P986 992 10 1010
P987 992 10 1017
P988 994 6 1000
P989 994 8 1017
P990 994 10 1021
P991 994 19 1028
P992 995 16 1039
P993 996 2 999
P994 996 2 1000
P995 996 19 1041
P996 997 4 1005
P997 997 10 1008
P998 997 17 1025
P999 998 1 1000
P1000 999 13 1025
